0.38 0.42 1.06 -1.72
0.39 0.43 1.09 -1.72
0.40 0.43 1.11 -1.71
0.41 0.43 1.13 -1.71
0.41 0.43 1.16 -1.70
0.42 0.43 1.18 -1.70
0.42 0.43 1.20 -1.69
0.43 0.44 1.22 -1.68
0.44 0.44 1.24 -1.67
0.44 0.44 1.26 -1.66
0.45 0.44 1.28 -1.65
0.45 0.45 1.30 -1.64
0.46 0.45 1.32 -1.63
0.46 0.46 1.33 -1.62
0.47 0.46 1.35 -1.61
0.47 0.46 1.36 -1.59
0.48 0.47 1.38 -1.58
0.48 0.47 1.39 -1.56
0.48 0.47 1.40 -1.55
0.48 0.48 1.41 -1.53
0.49 0.48 1.42 -1.52
0.49 0.49 1.43 -1.50
0.49 0.49 1.44 -1.48
0.50 0.49 1.47 -1.51
0.51 0.48 1.50 -1.53
0.52 0.47 1.52 -1.56
0.53 0.47 1.55 -1.58
0.52 0.46 1.54 -1.60
0.53 0.46 1.57 -1.62
0.54 0.45 1.60 -1.64
0.55 0.44 1.63 -1.67
0.56 0.43 1.66 -1.69
0.56 0.43 1.65 -1.71
0.56 0.42 1.68 -1.73
0.57 0.42 1.71 -1.75
0.57 0.41 1.70 -1.77
0.58 0.41 1.73 -1.79
0.59 0.40 1.76 -1.81
0.59 0.39 1.79 -1.83
0.59 0.39 1.78 -1.85
0.60 0.38 1.81 -1.87
0.61 0.38 1.85 -1.89
0.61 0.37 1.84 -1.91
0.61 0.37 1.82 -1.93
0.60 0.36 1.81 -1.94
0.59 0.36 1.79 -1.96
0.59 0.35 1.77 -1.98
0.58 0.34 1.76 -2.00
0.58 0.34 1.73 -2.01
0.57 0.33 1.71 -2.03
0.57 0.33 1.69 -2.04
0.56 0.33 1.66 -2.05
0.57 0.32 1.70 -2.08
0.56 0.32 1.67 -2.09
0.55 0.32 1.64 -2.10
0.54 0.31 1.60 -2.11
0.53 0.31 1.57 -2.12
0.52 0.31 1.53 -2.13
0.51 0.31 1.49 -2.14
0.49 0.30 1.45 -2.15
0.48 0.30 1.41 -2.15
0.47 0.30 1.36 -2.16
0.46 0.30 1.31 -2.16
0.44 0.29 1.27 -2.16
0.43 0.29 1.22 -2.16
0.42 0.29 1.17 -2.16
0.41 0.31 1.15 -2.14
0.41 0.31 1.14 -2.11
0.40 0.32 1.12 -2.08
0.39 0.33 1.11 -2.06
0.39 0.33 1.09 -2.03
0.41 0.33 1.13 -2.03
0.40 0.34 1.11 -2.00
0.39 0.35 1.10 -1.98
0.39 0.36 1.08 -1.95
0.38 0.37 1.07 -1.92
0.38 0.37 1.07 -1.92
0.38 0.37 1.05 -1.89
0.38 0.38 1.03 -1.87
0.38 0.38 1.07 -1.87
0.38 0.39 1.05 -1.84
0.38 0.40 1.03 -1.81
0.37 0.41 1.01 -1.78
0.37 0.42 1.00 -1.76
0.36 0.42 0.98 -1.73
0.37 0.42 1.01 -1.73
0.36 0.43 0.99 -1.70
0.37 0.43 1.02 -1.70
0.38 0.43 1.04 -1.69
0.08 0.92 0.02 -0.00
0.08 0.92 0.02 -0.00
0.06 0.96 -0.05 0.12
0.06 0.96 -0.06 0.13
0.08 0.92 0.00 -0.00
0.07 0.93 -0.02 0.01
0.06 0.96 -0.06 0.13
0.06 0.96 -0.06 0.13
0.17 0.84 0.31 -0.28
0.18 0.83 0.35 -0.34
0.19 0.81 0.39 -0.40
0.19 0.81 0.40 -0.39
0.18 0.82 0.34 -0.34
0.18 0.83 0.35 -0.34
0.18 0.82 0.34 -0.34
0.18 0.83 0.35 -0.34
0.17 0.84 0.32 -0.27
0.18 0.83 0.35 -0.34
