0.38 0.46 1.06 -1.62
0.39 0.46 1.08 -1.61
0.39 0.46 1.10 -1.60
0.40 0.46 1.12 -1.60
0.41 0.46 1.14 -1.59
0.41 0.47 1.16 -1.58
0.42 0.47 1.18 -1.57
0.42 0.47 1.19 -1.57
0.43 0.47 1.21 -1.56
0.43 0.48 1.23 -1.55
0.44 0.48 1.24 -1.53
0.44 0.48 1.26 -1.52
0.45 0.47 1.28 -1.55
0.46 0.47 1.31 -1.58
0.46 0.46 1.33 -1.60
0.47 0.45 1.36 -1.63
0.48 0.44 1.38 -1.66
0.48 0.44 1.41 -1.68
0.49 0.43 1.44 -1.71
0.49 0.42 1.42 -1.72
0.49 0.42 1.45 -1.75
0.51 0.41 1.47 -1.77
0.51 0.41 1.50 -1.80
0.52 0.39 1.53 -1.82
0.52 0.39 1.51 -1.83
0.52 0.38 1.54 -1.86
0.53 0.38 1.57 -1.88
0.54 0.37 1.60 -1.91
0.53 0.37 1.58 -1.92
0.54 0.36 1.61 -1.94
0.56 0.36 1.64 -1.97
0.54 0.35 1.62 -1.98
0.54 0.34 1.60 -1.99
0.53 0.34 1.57 -2.00
0.52 0.34 1.54 -2.02
0.52 0.34 1.51 -2.03
0.51 0.33 1.48 -2.04
0.49 0.33 1.45 -2.04
0.49 0.33 1.42 -2.05
0.48 0.33 1.38 -2.06
0.47 0.33 1.34 -2.06
0.46 0.32 1.31 -2.07
0.45 0.33 1.28 -2.04
0.44 0.34 1.26 -2.02
0.43 0.34 1.24 -1.99
0.43 0.36 1.22 -1.96
0.42 0.36 1.20 -1.93
0.42 0.37 1.18 -1.91
0.41 0.38 1.16 -1.88
0.41 0.39 1.14 -1.85
0.40 0.39 1.12 -1.83
0.39 0.40 1.10 -1.80
0.41 0.41 1.13 -1.79
0.39 0.41 1.11 -1.77
0.39 0.42 1.09 -1.74
0.38 0.43 1.07 -1.71
0.38 0.44 1.05 -1.68
0.37 0.44 1.03 -1.65
0.37 0.46 1.01 -1.62
0.37 0.46 0.99 -1.59
