0.38 0.44 1.05 -1.65
0.37 0.44 1.03 -1.65
0.38 0.44 1.05 -1.68
0.38 0.43 1.07 -1.71
0.38 0.43 1.04 -1.71
0.38 0.42 1.06 -1.74
0.39 0.41 1.08 -1.77
0.38 0.41 1.05 -1.77
0.37 0.41 1.03 -1.77
0.38 0.40 1.04 -1.80
0.38 0.39 1.06 -1.83
0.37 0.39 1.03 -1.83
0.38 0.38 1.05 -1.86
0.38 0.38 1.06 -1.89
0.37 0.38 1.03 -1.89
0.38 0.37 1.05 -1.91
0.37 0.37 1.01 -1.91
0.37 0.36 1.03 -1.94
0.36 0.36 0.99 -1.94
0.37 0.36 1.00 -1.96
0.36 0.36 0.97 -1.96
0.36 0.35 0.98 -1.99
0.35 0.35 0.94 -1.98
0.35 0.34 0.95 -2.01
0.34 0.34 0.91 -2.01
0.35 0.34 0.95 -2.01
0.36 0.34 0.99 -2.01
0.37 0.34 1.03 -2.02
0.38 0.34 1.07 -2.02
0.39 0.33 1.08 -2.05
0.40 0.33 1.12 -2.05
0.42 0.33 1.16 -2.05
0.43 0.33 1.20 -2.05
0.44 0.33 1.24 -2.04
0.45 0.33 1.28 -2.04
0.46 0.33 1.32 -2.04
0.47 0.33 1.34 -2.06
0.48 0.33 1.38 -2.06
0.49 0.33 1.42 -2.05
0.49 0.33 1.45 -2.04
0.51 0.33 1.48 -2.04
0.52 0.34 1.51 -2.03
0.52 0.34 1.54 -2.02
0.53 0.34 1.57 -2.00
0.54 0.34 1.60 -1.99
0.54 0.35 1.62 -1.98
0.54 0.36 1.59 -1.96
0.53 0.36 1.56 -1.93
0.52 0.37 1.53 -1.91
0.51 0.37 1.51 -1.92
0.51 0.37 1.48 -1.89
0.49 0.38 1.45 -1.87
0.49 0.39 1.42 -1.84
0.48 0.38 1.40 -1.85
0.47 0.39 1.37 -1.83
0.47 0.40 1.35 -1.80
0.46 0.41 1.32 -1.78
0.46 0.41 1.30 -1.78
0.44 0.42 1.28 -1.76
0.44 0.42 1.25 -1.73
0.43 0.43 1.23 -1.70
0.43 0.43 1.21 -1.71
0.42 0.43 1.18 -1.68
0.41 0.44 1.16 -1.66
0.41 0.45 1.14 -1.63
0.40 0.45 1.12 -1.63
0.39 0.46 1.10 -1.60
0.39 0.47 1.08 -1.58
0.38 0.47 1.06 -1.58
0.38 0.47 1.04 -1.55
0.37 0.47 1.02 -1.56
